[intro-bg.jpg]
filters=finetune2=1,0.000000,0.000000,0.000000,00000000,-0.005848;autolight=1;finetune2=1,0.000000,0.000000,0.000000,00000000,1.000000;Soften=1,100.000000,50.877197;CrossProcess=1,100.000000;dir_tint=1,0.436187,0.640086,0.619883,0.824561,ffffffff,0;
moddate=0f7d006bae1ed101
width=3072
height=2304
textactive=0
